  9.8000000e+001
  9.8000000e+001
  9.6900002e+001
  9.6900002e+001
  9.3099998e+001
  9.3099998e+001
  9.3500000e+001
  9.3500000e+001
  9.5500000e+001
  9.5500000e+001
  9.3800003e+001
  9.3000000e+001
  9.3900002e+001
  9.3900002e+001
  9.6400002e+001
  9.6400002e+001
  9.6099998e+001
  9.6800003e+001
  9.6800003e+001
  9.3699997e+001
  9.4800003e+001
  9.4800003e+001
  9.7599998e+001
  9.7000000e+001
  9.7000000e+001
  9.5800003e+001
  9.6300003e+001
  9.6300003e+001
  9.6400002e+001
  9.6400002e+001
  9.5500000e+001
  9.4199997e+001
  9.4199997e+001
  9.5099998e+001
  9.5099998e+001
  9.4800003e+001
  9.5400002e+001
  9.6099998e+001
  9.6300003e+001
  9.5300003e+001
  9.5300003e+001
  9.4199997e+001
  9.2500000e+001
  9.2500000e+001
  9.3199997e+001
  9.3599998e+001
  9.2599998e+001
  9.2599998e+001
